100
0 6000
1 1000
2 1000
3 1000
4 1000
5 1000
6 1000
7 1000
8 1000
9 1000
10 1000
11 1000
12 1000
13 1000
14 1000
15 1000
16 1000
17 1000
18 1000
19 1000
20 1000
21 2000
22 2000
23 2000
24 2000
25 2000
26 2000
27 2000
28 2000
29 2000
30 2000
31 2000
32 2000
33 2000
34 2000
35 2000
36 2000
37 2000
38 2000
39 2000
40 2000
41 2000
42 2000
43 2000
44 2000
45 2000
46 3000
47 3000
48 3000
49 3000
50 3000
51 3000
52 3000
53 3000
54 3000
55 3000
56 3000
57 3000
58 3000
59 3000
60 3000
61 3000
62 3000
63 3000
64 3000
65 3000
66 4000
67 4000
68 4000
69 4000
70 4000
71 4000
72 4000
73 4000
74 4000
75 4000
76 4000
77 4000
78 4000
79 4000
80 4000
81 4000
82 4000
83 4000
84 4000
85 4000
86 5000
87 5000
88 5000
89 5000
90 5000
91 6000
92 6000
93 6000
94 6000
95 6000
96 6000
97 6000
98 6000
99 6000
