0 18000
1 1000
2 1000
3 1000
4 1000
5 1000
6 1000
7 2000
8 2000
9 2000
10 2000
11 2000
12 3000
13 3000
14 3000
15 3000
16 3000
17 4000
18 4000
19 4000
20 4000
21 4000
22 4000
23 5000
24 5000
25 5000
26 5000
27 5000
28 6000
29 6000
30 6000
31 6000
32 6000
33 7000
34 7000
35 7000
36 7000
37 7000
38 7000
39 8000
40 8000
41 8000
42 8000
43 8000
44 8000
45 9000
46 9000
47 9000
48 9000
49 9000
50 10000
51 10000
52 10000
53 10000
54 10000
55 11000
56 11000
57 11000
58 11000
59 11000
60 11000
61 12000
62 12000
63 12000
64 12000
65 12000
66 12000
67 13000
68 13000
69 13000
70 13000
71 13000
72 13000
73 14000
74 14000
75 14000
76 14000
77 14000
78 15000
79 15000
80 15000
81 15000
82 15000
83 16000
84 16000
85 16000
86 16000
87 16000
88 17000
89 17000
90 17000
91 17000
92 17000
93 17000
94 18000
95 18000
96 18000
97 18000
98 18000
99 18000
